Classification Report:

              precision    recall  f1-score   support

           0       1.00      0.99      1.00       980
           1       1.00      0.99      1.00      1135
           2       0.99      0.99      0.99      1032
           3       0.99      1.00      0.99      1010
           4       0.97      1.00      0.98       982
           5       1.00      0.99      0.99       892
           6       1.00      0.99      0.99       958
           7       0.99      0.99      0.99      1028
           8       0.99      0.99      0.99       974
           9       1.00      0.97      0.98      1009

    accuracy                           0.99     10000
   macro avg       0.99      0.99      0.99     10000
weighted avg       0.99      0.99      0.99     10000


Confusion Matrix:

[[ 975    0    1    0    0    0    1    1    2    0]
 [   0 1129    2    0    1    0    1    2    0    0]
 [   1    1 1025    1    0    0    0    2    1    1]
 [   0    0    1 1006    0    2    0    0    1    0]
 [   0    0    0    0  982    0    0    0    0    0]
 [   0    0    0    5    0  885    1    0    1    0]
 [   0    1    1    0    2    0  951    0    3    0]
 [   0    1    3    0    2    0    0 1022    0    0]
 [   0    0    2    2    1    0    0    0  969    0]
 [   1    0    0    1   24    1    0    3    5  974]]
